0100000110000000000110010000000101000001100000000011001000000010
0100000110000000010010110000001101000001100000000110010000000100
0100000110000000011111010000010101000001100000001001011000000110
0100000110000000101011110000011101000001100000001100100000001000
0100000110000000000110010000100101000001100000000011001000001010
0100000110000000010010110000101101000001100000000110010000001100
0100000110000000011111010000110101000001100000001001011000001110
0100000110000000101011110000111101000001100000001100100000010000
0001100100000000100000001001000100011001000000010000000110010010
0001100100000001100000101001001100011001000000100000001110010100
0001100100000010100001001001010100011001000000110000010110010110
0000100100000000100000001001011000011101110010000000001110010001
0001100000100001000000011001001000011000001000100000001110010100
0001100001000010000000111001010000011000010000010000000110010010
